21.9
22.1
22
22.1
22
22.2
22
22.2
21.8
22
23
23.4
21.7
21.2
21.7
20.5
19.4
19.3
19
19.1
18.2
18
18
18.5
19.2
18.6
17.3
17.1
18.6
19.6
20.1
20.5
22
22.1
23.4
24.1
24.1
24.4
24.3
24
24.3
23.8
23.7
23.7
23.7
23.9
23.8
24.1
24.2
24.4
24.5
25.75
26
24.9
25.25
24.4
25
24.1
23.5
23.4
22.9
23.8
24
24.4
24.2
24.6
24.9
24.9
25.5
24.6
24.2
23.7
25
24.9
27
27
30.5
27.5
23.2
25
25.75
26.75
24.6
24.1
24.6
25.5
24.4
25
24.9
25.75
25.25
24
23.2
23.9
24
24.1
24.4
23.8
23.9
23.9
23.9
24
24
23.9
23.6
23.7
24.1
24.4
24.2
24.4
24.6
23.5
23.7
23.8
22.8
22.5
21.4
21.5
21.4
20.9
20.5
21.1
21.2
21.2
21.2
22
22
21.8
22.4
22.6
23.5
21
21.7
22.5
23.5
23.7
25.5
26.25
26.75
25
25.5
26.25
26.75
26.25
25.5
24.2
23
23.3
23.7
23.8
24.3
24.2
25
25.25
23.6
24.3
24.8
25
26.5
27.25
25.5
25.5
25
24.2
24.1
23.8
23.5
23.7
24.5
24.5
24
22.6
21.7
23
24.6
25.75
25.75
23.7
23.6
20.7
18.6
18.8
19
18.9
16.8
16.7
17.1
16.6
16
16.2
16.9
16.7
17.1
17.6
18.7
17.5
18
18.9
17.2
15.5
16.1